850,851,852
928,929,930,931,932,933
3
1
2
242
324
12
11
10
247,248,249
4
355
356
323
322
265
329
240
633
196
195
41
245
246
656
414
415
14
712
15
1021
296
297
843
298
299
295
18
21
16
17
19
20
456
24
608
201
204
206
205
202
203
395
398
23
22
24
78
326
76
81
80
79
442
132
135
134
137
133
25
29
26
30
27
31
28
32
451
324
259
260
315
520
421
410
412
422
423
831
406
34
35
33
37
36
38
940,941,942,943,944,945
1065
454
455
450
496
458
379
459
380
383
443
39
41
42
44
45
43
40
946
357
325
340
343
280
284
318
470,474,472
947
949
948
950
951
952
953
954
955
956
957
958
959
960
46
294
721
47
48
49
308
55
532
530
529
531
534
533
553
65
306
56
57
290
292
275
276
366
128
127
129
130
304
307
278
287
309
310
312
311
317
935
848
849
121
272
273
113
114
382
491
119
120
536
551
545
546
542
543
539
535
548
540
552
544
538
547
541
550
549
537
346
111
107
108
105
103
110
104
106
847
328
486
732
327
91
92
93
381
332
99
736
95
473,474,475
494
401
339
498
293
483
316
488
489
490
70
67
75
66
72
69
71
74
68
73
963,964,965,966,967,968
416
913
153
154
571
300
844
845
846
360
358
162
163
159
161
494
160
164
166
167
168
171
170
274
969
476,478,479
970
378
457
503
504
452
453
445
372
505
506
398
392
835
836
314
257
256
279
367
232
283
250
425
418
417
408
426
419
420
427
405
140
142
146
145
147
143
144
148
141
936
937
827
270
271
269
828
268
319
507
508
428
510
830
509
512
513
430
829
514
522
403
409
523
515
516
517
519
524
518
525
520
526
521
527
528
407
972
404
335
492
333
337
359
180
173
174
172
175
361
832
973
344
341
301
331
285
302
303
281
320
183
184
185
186
187
188
189
190
191
192
193
194
482
234
233
226
224
227
229
237
444
235
236
225
230
228
231
974
389
393
399
396
446
499
386
373
397
400
447
500
390
394
282
289
288
362
313
305
286
661
975,976,977,978,979,960
479,480,481






































